9
67 350
270 389 482 238 76 90 452 354 398 92 433 461 41 289 435 87 128 398 184 186 100 150 455 237 278 338 127 468 343 184 413 77 220 384 395 330 401 448 6 452 420 497 151 352 208 255 462 496 42 340 342 447 116 171 394 106 323 185 230 28 333 487 5 309 127 158 470
76 954
117 290 107 161 465 238 468 206 343 272 58 474 36 378 24 328 479 403 147 54 354 57 173 40 226 53 252 468 408 241 325 96 362 219 337 137 341 317 298 104 51 53 126 26 214 458 77 61 367 480 461 12 390 496 498 473 128 438 322 410 264 307 333 324 294 129 270 499 47 362 252 333 6 70 352 453
26 459
111 358 276 213 372 83 304 246 416 129 418 34 251 194 356 64 383 364 161 424 283 8 84 148 251 208
61 789
264 486 37 10 455 184 256 3 458 338 85 283 24 14 187 379 192 120 395 63 145 469 486 6 102 108 474 369 98 332 303 4 432 468 356 274 224 434 132 436 144 173 382 381 57 331 429 27 239 150 285 483 237 286 308 73 74 349 2 336 151
54 306
133 53 24 359 121 372 397 37 404 390 351 297 438 50 316 146 147 372 67 404 424 213 304 12 391 92 273 65 368 365 120 234 337 201 411 228 12 143 312 85 29 297 159 338 464 470 343 428 348 89 77 308 94 326
90 388
448 231 297 84 80 289 102 466 428 200 25 185 247 190 208 162 52 411 303 416 412 202 334 495 272 1 474 278 1 324 456 217 257 494 203 462 159 343 437 261 315 221 497 337 469 226 25 62 198 126 139 334 323 305 50 56 279 337 211 448 306 414 392 18 320 475 104 368 163 385 38 446 67 72 356 24 480 258 136 70 450 22 333 280 223 11 148 86 3 440
71 765
481 441 96 182 260 35 265 279 285 218 138 449 175 60 406 243 284 14 126 201 251 479 58 255 67 423 288 307 437 196 477 391 414 334 463 6 110 467 281 374 138 18 211 215 331 224 99 269 194 224 304 413 424 69 210 174 483 83 212 191 462 495 241 300 382 56 198 208 77 30 389
25 462
349 223 81 130 193 444 320 326 493 372 48 466 313 259 54 196 460 476 210 67 9 193 400 113 329
13 671
137 53 239 380 369 33 235 20 300 241 478 479 8
