9
32 325
483 273 373 259 400 45 269 13 463 448 300 369 456 429 334 313 213 402 345 337 246 29 97 133 221 279 216 290 292 66 87 473
81 345
188 201 275 315 177 393 94 281 127 333 201 428 483 375 489 372 460 427 467 485 310 171 426 254 300 415 185 297 115 243 83 104 167 357 130 281 53 169 71 193 124 278 188 158 417 139 303 339 303 348 325 498 25 51 293 182 19 187 212 374 147 381 134 346 452 278 213 21 39 471 465 471 422 280 173 475 336 471 335 276 250
77 705
372 445 95 411 302 112 309 410 355 289 27 387 144 344 346 372 36 416 320 316 126 419 222 118 411 423 294 366 207 398 272 482 238 269 165 462 363 361 206 126 454 315 316 413 56 10 356 49 52 39 420 448 255 340 28 149 451 12 62 385 320 204 279 478 296 142 43 123 6 331 181 110 73 18 482 315 245
75 818
63 162 467 275 222 301 86 375 125 374 463 476 390 168 8 136 193 389 183 404 271 162 340 5 138 329 28 60 35 148 237 399 403 219 86 151 115 295 80 386 230 387 223 270 314 419 434 145 98 69 489 225 19 104 233 444 398 357 329 479 180 297 443 433 346 112 37 435 19 71 441 144 62 63 433
60 155
291 476 230 208 86 425 7 374 429 141 136 291 9 282 91 329 234 129 55 500 176 429 34 385 191 358 473 473 378 290 18 137 384 264 72 160 250 204 218 320 415 371 479 89 114 391 145 50 80 123 297 329 385 170 160 390 185 483 482 312
60 47
223 489 158 323 389 205 415 114 16 456 333 198 6 295 409 453 277 44 308 89 115 425 474 288 38 13 122 78 211 182 175 194 72 332 161 454 357 336 260 237 325 466 27 47 380 319 385 378 197 347 374 256 131 137 181 393 355 477 75 277
60 342
155 135 273 285 55 460 57 244 106 467 160 283 33 349 471 246 326 305 359 132 495 42 177 236 244 132 329 288 416 147 78 362 379 138 77 301 403 46 104 289 260 338 233 193 301 479 5 320 254 312 391 465 139 293 33 365 18 34 487 60
96 677
128 204 403 140 117 54 206 99 370 320 450 208 364 418 30 199 400 69 456 261 464 350 210 339 104 409 39 173 319 425 202 484 72 69 21 433 130 233 59 146 299 332 168 201 212 225 391 222 180 384 45 419 52 392 340 439 343 377 167 197 171 38 55 72 105 231 75 252 284 233 236 458 365 256 375 312 411 403 267 400 273 475 495 14 422 258 34 420 44 54 313 313 392 192 325 144
8 809
53 170 397 456 81 248 445 309
