9
21 893
152 243 24 497 120 416 197 375 191 369 301 469 139 193 222 401 186 175 196 38 447
95 602
21 256 154 148 193 22 298 490 177 189 483 435 162 129 492 100 63 455 9 291 390 376 321 237 291 1 284 350 318 306 54 175 418 411 88 478 91 313 106 282 68 335 341 151 83 389 206 24 476 187 210 283 142 325 359 161 405 15 240 483 263 302 444 473 286 195 235 194 71 382 67 95 105 366 95 126 242 431 224 172 197 494 314 32 193 435 225 79 240 154 193 359 118 306 152
10 884
5 153 2 183 483 420 212 490 451 433
81 761
19 213 170 86 207 262 383 267 439 114 454 225 200 163 409 93 24 250 135 447 289 355 81 283 406 259 106 305 102 18 271 435 136 270 175 339 397 373 206 44 482 366 424 292 294 456 84 249 77 477 275 282 340 67 142 84 12 109 213 207 229 322 360 448 408 256 105 286 343 103 481 319 112 249 450 284 291 192 461 248 213
7 676
319 87 230 317 396 166 146
52 603
426 484 213 191 179 355 313 87 212 142 383 269 271 380 483 500 232 129 316 222 236 47 409 446 63 102 477 123 72 214 77 134 281 97 227 231 41 122 246 333 190 226 123 115 323 384 57 99 161 475 49 102
6 588
447 467 302 190 181 259
72 578
246 32 206 438 37 144 243 170 309 225 103 415 177 273 311 219 238 61 73 352 388 263 314 135 120 452 445 70 80 268 114 245 180 20 203 373 26 82 102 451 255 443 406 92 355 175 280 251 82 392 433 109 273 393 373 126 241 410 453 346 349 193 140 314 179 67 235 435 83 447 204 18
49 588
5 349 175 256 326 226 486 336 442 354 238 194 65 387 387 68 490 94 101 215 372 499 211 492 265 369 145 305 77 245 169 93 450 58 242 338 171 152 261 46 69 13 309 428 20 351 411 75 70
