9
50 332
205 295 119 140 300 443 293 96 280 407 434 306 422 326 59 387 327 265 164 456 147 278 102 1 331 325 150 305 212 244 11 155 15 326 137 196 49 193 158 187 169 129 425 144 196 141 357 42 348 312
38 258
456 342 390 131 460 352 57 36 151 290 389 63 417 192 488 325 28 244 153 219 32 395 459 21 74 235 234 489 410 347 189 121 68 279 259 3 75 96
47 838
479 413 315 49 337 288 167 318 114 460 413 336 127 401 419 237 323 20 180 355 229 158 268 227 197 371 177 169 109 94 151 165 297 247 265 421 487 262 227 328 281 83 285 338 228 24 140
36 812
492 180 130 452 33 209 488 85 302 273 404 226 204 326 423 460 260 326 467 231 258 267 3 337 149 307 441 220 307 294 279 137 82 240 285 362
90 145
429 413 364 295 384 51 165 28 409 1 159 167 351 286 8 272 476 467 166 166 126 228 478 441 316 59 390 354 476 195 204 2 279 358 190 473 230 48 268 73 140 111 500 499 278 154 424 212 500 72 231 29 201 369 232 387 140 324 58 166 277 477 233 47 318 203 463 179 487 56 200 396 333 133 424 14 280 71 50 75 170 399 239 469 435 80 184 337 110 61
31 474
462 408 241 282 471 345 58 283 135 32 312 372 18 53 52 7 325 233 85 334 431 138 372 194 348 36 240 298 212 139 478
79 115
105 158 352 346 144 183 485 179 310 359 305 401 381 72 76 264 156 216 25 121 90 422 75 240 343 107 45 115 42 109 131 161 176 127 484 489 351 8 259 47 262 343 192 439 499 8 296 456 143 127 488 407 223 416 238 250 384 441 185 189 77 418 39 418 23 317 476 384 253 159 492 295 318 249 455 18 221 53 29
19 223
244 38 223 53 413 50 48 199 84 153 142 259 315 9 387 241 126 180 60
17 376
119 14 326 286 20 191 41 305 284 253 50 331 368 311 103 130 148
