9
64 611
227 319 198 169 433 415 233 63 452 173 196 465 361 466 299 264 226 281 419 484 381 67 293 491 448 78 366 44 405 266 279 489 188 157 307 407 102 336 237 30 99 116 430 407 178 346 447 357 14 464 333 317 69 191 171 368 160 157 239 302 115 201 149 20
79 691
170 78 147 218 118 145 263 365 166 300 464 166 368 1 371 372 129 51 314 443 180 458 434 303 408 140 500 273 263 50 143 66 48 50 178 499 86 49 208 407 67 267 420 464 332 279 105 59 442 171 363 460 345 145 399 424 473 328 166 459 477 190 49 317 365 388 205 50 35 292 313 435 365 486 294 406 105 157 247
99 67
139 333 424 39 283 100 133 382 19 176 43 403 402 99 246 352 500 112 205 58 445 358 70 160 150 41 424 36 411 21 315 89 377 135 182 312 276 309 327 498 75 463 426 243 167 114 467 448 229 236 339 143 453 54 61 181 59 93 176 336 168 368 93 267 70 473 296 233 44 254 23 377 409 346 157 358 49 6 19 131 422 332 496 246 336 133 99 71 212 361 280 151 200 249 490 487 253 287 473
88 583
67 56 289 182 212 444 288 294 220 314 94 482 158 224 21 268 462 63 353 202 336 277 119 133 114 486 454 48 427 177 426 401 270 28 444 424 93 83 247 273 29 199 195 492 277 443 384 264 137 105 461 48 75 118 443 210 102 423 32 222 280 119 162 491 20 235 448 188 412 403 68 157 238 368 407 168 254 94 72 226 100 353 477 175 168 376 91 339
75 352
334 34 385 468 9 153 89 125 282 280 397 51 129 124 47 469 118 478 392 373 476 144 482 359 146 101 407 458 153 230 416 69 152 119 340 99 309 190 220 265 462 28 14 41 333 343 152 288 435 107 399 406 277 389 113 58 306 150 464 334 164 438 233 56 500 14 450 170 205 367 340 439 296 160 283
76 171
342 354 303 162 349 344 455 56 200 349 104 401 447 335 83 71 461 171 111 29 443 184 67 320 270 170 386 50 27 156 243 134 50 241 105 294 364 204 79 190 147 183 53 485 55 15 407 409 348 154 285 372 397 447 226 220 465 117 139 6 274 94 204 381 192 328 199 137 488 464 482 431 161 377 6 160
29 818
493 293 118 148 248 104 195 114 115 319 105 417 99 69 52 76 2 244 401 472 274 489 387 436 369 432 401 389 32
9 515
163 64 471 193 276 251 368 308 67
81 521
486 253 293 83 172 193 19 134 178 27 109 237 258 440 338 425 394 289 416 455 417 79 277 310 407 383 8 105 156 15 244 330 211 302 307 215 169 495 155 165 191 95 9 383 58 139 325 162 341 339 421 479 356 466 405 410 230 241 319 109 41 190 23 257 282 449 487 78 175 137 288 404 396 421 283 186 223 6 441 200 402
